20819 82877
8912 118988
15651 98715
8678 119815
17089 87995
6550 126926
6567 126871
6561 126890
6556 126906
2888 10637
21458 71429
21454 71428
18715 70920
18732 70746
16242 94317
16946 88536
18711 70963
18628 69912
18627 69904
12933 48495
12678 47505
42924 74819
17112 57831
17406 58804
15994 55653
16000 55664
13154 49343
8745 119562
0 0
895 3297
574 2116
2910 10710
5425 19349
151 559
20 74
24952 72025
2506 9343
2568 9575
23187 76772
23178 76773
24987 72088
6700 126425
24936 71996
25227 72466
25230 72471
35266 73671
35641 73728
16244 94300
28023 76269
27651 76306
27610 76310
32725 74548
32706 74556
15533 99067
35199 73663
43107 74805
17775 60022
42427 74806
17191 87609
20816 82880
71131 75959
45615 74894
45549 74892
7939 122588
6969 125592
51001 75119
45651 74896
44219 74735
44055 74716
19960 77109
19959 77113
20985 82642
21023 82607
21065 82568
15697 98573